\documentclass[12pt]{article}
\usepackage{amsmath}
\title{Inverse iteration algorithm\\
\small{Calculating the eigenvalue closest to a given value}}
\author{Rasmus Klitgaard\\201606410}
\date{}

\begin{document}
\maketitle
\textbf{Exam problem for: Practical programming and numerical methods. The implementation is written in C.}\\ \\

I will be doing exam question number 10 since $10\%23 = 10$.
I will implement an inverse power iteration that finds the eigenvalue of a real and symmetric 
matrix, $\textbf{A}$, closest to a given value, $s$. \\
This inverse power iteration is given by 
\begin{equation}
	\textbf{x}_{i+1} = (\textbf{A} - \textbf{1} s)^{-1} \textbf{x}_i
\end{equation}
with $\textbf{1}$ being the identity matrix of appropriate size, such that
\begin{equation}
	\textbf{a} \equiv \lim_{i \to \infty} \textbf{x}_i
\end{equation}
is an eigenvector to $\textbf{A}$ that satisfies
\begin{equation}
	\textbf{A} \textbf{a} = \lambda \textbf{a},
\end{equation}
where $\lambda$ is given by
\begin{equation}
	\lambda[\textbf{a}] = \frac{{\textbf{a}}^T \textbf{A} \textbf{a}}{{\textbf{a}}^T \textbf{a}}.
\end{equation}
In reality, this is done up to some absolute accuracy $\tau$ and some relative accuracy 
$\varepsilon$, such that we stop the iteration when
either 
\begin{equation}
	|\textbf{A} \textbf{x}_i - \lambda[\textbf{x}_i]\textbf{x}_i| \leq \tau
	\label{abs}
\end{equation}
or
\begin{equation}
	\frac{|\textbf{A} \textbf{x}_i - \lambda[\textbf{x}_i]\textbf{x}_i|}{|\textbf{A} \textbf{x}_i|+|\lambda[\textbf{x}_i]\textbf{x}_i|} \leq \frac{\varepsilon}{2}
	\label{rel}
\end{equation}
is satisfied.
\\In practice we will be solving the system
\begin{equation}
	(\textbf{A} - \textbf{1} s) \textbf{x}_{i+1} = \textbf{x}_i
\end{equation}
using QR decomposition to find $\textbf{x}_{i+1}$, until we satisfy either eq. \ref{abs} or 
eq. \ref{rel}.\\
To prove that my implementation works I constructed a random symmetric $7\times7$ matrix - note this is not the same matrix as in the file 'out.txt' since the program has been run since and a new matrix
is created every time. The matrix is
$$
\textbf{A} = \begin{pmatrix}
42.00939&19.71915&39.15496&39.922&45.58237&9.877568&16.76114\\
19.71915&38.41148&13.88874&27.6985&23.86985&31.44355&18.23922\\
39.15496&13.88874&25.67005&47.61149&45.80975&31.78559&35.86485\\
39.922&27.6985&47.61149&7.080128&30.34844&0.8150286&12.14434\\
45.58237&23.86985&45.80975&30.34844&6.861579&40.20884&7.833954\\
9.877568&31.44355&31.78559&0.8150286&40.20884&20.04722&6.489522\\
16.76114&18.23922&35.86485&12.14434&7.833954&6.489522&5.44044
\end{pmatrix},
$$
where every entrance is uniformly distributed between $0$ and $50$.
\\ First we will find the eigenvalues and the eigenvectors of this matrix. The eigenvectors are
$$
\textbf{V} = \\ \begin{pmatrix}
-0.060018&-0.27070&0.53300&0.46641&-0.14642&-0.43699&0.45726\\
-0.27236&0.039367&-0.024782&0.060316&-0.65535&0.6158&0.33360\\
-0.61485&-0.17392&-0.28168&-0.40700&0.29055&-0.18235&0.47859\\
0.56786&-0.16827&-0.61083&-0.012155&-0.27492&-0.25380&0.36874\\
0.077975&0.80972&-0.052920&0.26087&0.29692&0.042842&0.42121\\
0.32647&-0.42394&0.1208&0.071563&0.5287&0.57247&0.29447\\
0.33022&0.17672&0.49543&-0.73474&-0.14622&-0.0507&0.22467
\end{pmatrix},
$$
where every column is an eigenvector with corresponding eigenvalues
$$
\textbf{v} = \begin{pmatrix}
-50.27761&-42.7052&-12.05812&9.957708&16.16642&38.28055&186.1565
\end{pmatrix}.
$$
Now, we will try to find the eigenvalue and eigenvector closest to a random eigenvalue in $\textbf v$. The program randomly chose eigenvalue nr. 4. We will not just be looking for this very value,
but instead we will make our guess $s = \textbf v_4 + \delta \textbf v_4$, where $\delta$ is a 
random number in the interval $[-0.25, 0.25]$. 
\\In our case $s = 16.9347$, while the value it should converge to is $\textbf v_4 = 16.1664$.
\\Running the algorithm, it converges after $6$ iterations with $\varepsilon = \tau = 10^{-6}$.
It converges to 

\begin{align}
		\textbf e &= \begin{pmatrix} 
				0.1464171\\
				0.6553505\\
				-0.2905459\\
				0.2749193\\
				-0.2969188\\
				-0.528714\\
				0.1462224 
			\end{pmatrix}.\\
		\lambda[\textbf e] &= 16.1664.
\end{align}
The solution found previous in fourth column in $\textbf V$, $\textbf V _4 = \begin{pmatrix} -0.14641\\
								-0.65535\\
								0.29055\\
								-0.27492\\
								0.29692\\
								0.5287\\
								-0.14622\end{pmatrix}$ 
is the same result as $\textbf e$, except for a minus. This is fine since
any scaling of an eigenvector is still an eigenvector. The eigenvalue $\lambda[\textbf e]$ is also
the same value as the one we found previously in $\textbf v$, $\textbf v_4 = 16.16642$.
\\
To conclude, the algorithm converges in few iterations and is precise. The algorithm has also been 
run on larger matrices (up to size 400), where it also converges in less than 10 iterations.
Therefore I deem the implementation of the algorithm a success.
\end{document}
